-2.0000e+02 -2.0000e+02 1.0019e+02
-2.0000e+02 -1.9000e+02 1.0045e+02
-2.0000e+02 -1.8000e+02 1.0000e+02
-2.0000e+02 -1.7000e+02 1.0008e+02
-2.0000e+02 -1.6000e+02 1.0004e+02
-2.0000e+02 -1.5000e+02 1.0017e+02
-2.0000e+02 -1.4000e+02 1.0019e+02
-2.0000e+02 -1.3000e+02 1.0021e+02
-2.0000e+02 -1.2000e+02 1.0021e+02
-2.0000e+02 -1.1000e+02 1.0002e+02
-2.0000e+02 -1.0000e+02 1.0009e+02
-2.0000e+02 -9.0000e+01 1.0036e+02
-2.0000e+02 -8.0000e+01 1.0034e+02
-2.0000e+02 -7.0000e+01 1.0030e+02
-2.0000e+02 -6.0000e+01 1.0026e+02
-2.0000e+02 -5.0000e+01 1.0040e+02
-2.0000e+02 -4.0000e+01 1.0033e+02
-2.0000e+02 -3.0000e+01 1.0035e+02
-2.0000e+02 -2.0000e+01 1.0008e+02
-2.0000e+02 -1.0000e+01 9.9994e+01
-2.0000e+02 0.0000e+00 1.0012e+02
-2.0000e+02 1.0000e+01 1.0030e+02
-2.0000e+02 2.0000e+01 1.0002e+02
-2.0000e+02 3.0000e+01 1.0005e+02
-2.0000e+02 4.0000e+01 1.0035e+02
-2.0000e+02 5.0000e+01 1.0041e+02
-2.0000e+02 6.0000e+01 1.0026e+02
-2.0000e+02 7.0000e+01 1.0047e+02
-2.0000e+02 8.0000e+01 1.0042e+02
-2.0000e+02 9.0000e+01 1.0046e+02
-2.0000e+02 1.0000e+02 1.0009e+02
-2.0000e+02 1.1000e+02 1.0038e+02
-2.0000e+02 1.2000e+02 1.0041e+02
-2.0000e+02 1.3000e+02 1.0033e+02
-2.0000e+02 1.4000e+02 1.0021e+02
-2.0000e+02 1.5000e+02 1.0021e+02
-2.0000e+02 1.6000e+02 1.0042e+02
-2.0000e+02 1.7000e+02 1.0018e+02
-2.0000e+02 1.8000e+02 1.0048e+02
-2.0000e+02 1.9000e+02 1.0032e+02
-2.0000e+02 2.0000e+02 1.0039e+02
-1.9000e+02 -2.0000e+02 1.0019e+02
-1.9000e+02 -1.9000e+02 1.0012e+02
-1.9000e+02 -1.8000e+02 1.0016e+02
-1.9000e+02 -1.7000e+02 1.0021e+02
-1.9000e+02 -1.6000e+02 1.0047e+02
-1.9000e+02 -1.5000e+02 1.0047e+02
-1.9000e+02 -1.4000e+02 1.0006e+02
-1.9000e+02 -1.3000e+02 1.0032e+02
-1.9000e+02 -1.2000e+02 1.0025e+02
-1.9000e+02 -1.1000e+02 1.0014e+02
-1.9000e+02 -1.0000e+02 1.0043e+02
-1.9000e+02 -9.0000e+01 1.0015e+02
-1.9000e+02 -8.0000e+01 1.0020e+02
-1.9000e+02 -7.0000e+01 1.0026e+02
-1.9000e+02 -6.0000e+01 1.0013e+02
-1.9000e+02 -5.0000e+01 1.0004e+02
-1.9000e+02 -4.0000e+01 1.0004e+02
-1.9000e+02 -3.0000e+01 1.0029e+02
-1.9000e+02 -2.0000e+01 1.0036e+02
-1.9000e+02 -1.0000e+01 1.0041e+02
-1.9000e+02 0.0000e+00 1.0026e+02
-1.9000e+02 1.0000e+01 1.0034e+02
-1.9000e+02 2.0000e+01 1.0013e+02
-1.9000e+02 3.0000e+01 1.0016e+02
-1.9000e+02 4.0000e+01 1.0018e+02
-1.9000e+02 5.0000e+01 1.0023e+02
-1.9000e+02 6.0000e+01 1.0043e+02
-1.9000e+02 7.0000e+01 1.0033e+02
-1.9000e+02 8.0000e+01 1.0028e+02
-1.9000e+02 9.0000e+01 1.0028e+02
-1.9000e+02 1.0000e+02 1.0025e+02
-1.9000e+02 1.1000e+02 1.0018e+02
-1.9000e+02 1.2000e+02 1.0023e+02
-1.9000e+02 1.3000e+02 1.0013e+02
-1.9000e+02 1.4000e+02 1.0014e+02
-1.9000e+02 1.5000e+02 1.0011e+02
-1.9000e+02 1.6000e+02 1.0021e+02
-1.9000e+02 1.7000e+02 1.0016e+02
-1.9000e+02 1.8000e+02 1.0015e+02
-1.9000e+02 1.9000e+02 1.0006e+02
-1.9000e+02 2.0000e+02 1.0006e+02
-1.8000e+02 -2.0000e+02 1.0014e+02
-1.8000e+02 -1.9000e+02 1.0019e+02
-1.8000e+02 -1.8000e+02 1.0023e+02
-1.8000e+02 -1.7000e+02 1.0043e+02
-1.8000e+02 -1.6000e+02 1.0005e+02
-1.8000e+02 -1.5000e+02 1.0020e+02
-1.8000e+02 -1.4000e+02 1.0012e+02
-1.8000e+02 -1.3000e+02 1.0018e+02
-1.8000e+02 -1.2000e+02 1.0002e+02
-1.8000e+02 -1.1000e+02 1.0000e+02
-1.8000e+02 -1.0000e+02 1.0017e+02
-1.8000e+02 -9.0000e+01 1.0027e+02
-1.8000e+02 -8.0000e+01 9.9984e+01
-1.8000e+02 -7.0000e+01 1.0011e+02
-1.8000e+02 -6.0000e+01 9.9964e+01
-1.8000e+02 -5.0000e+01 9.9980e+01
-1.8000e+02 -4.0000e+01 1.0030e+02
-1.8000e+02 -3.0000e+01 9.9972e+01
-1.8000e+02 -2.0000e+01 1.0007e+02
-1.8000e+02 -1.0000e+01 9.9932e+01
-1.8000e+02 0.0000e+00 1.0012e+02
-1.8000e+02 1.0000e+01 1.0017e+02
-1.8000e+02 2.0000e+01 9.9917e+01
-1.8000e+02 3.0000e+01 1.0003e+02
-1.8000e+02 4.0000e+01 1.0004e+02
-1.8000e+02 5.0000e+01 1.0004e+02
-1.8000e+02 6.0000e+01 1.0034e+02
-1.8000e+02 7.0000e+01 1.0045e+02
-1.8000e+02 8.0000e+01 1.0021e+02
-1.8000e+02 9.0000e+01 1.0034e+02
-1.8000e+02 1.0000e+02 1.0041e+02
-1.8000e+02 1.1000e+02 1.0020e+02
-1.8000e+02 1.2000e+02 1.0040e+02
-1.8000e+02 1.3000e+02 1.0033e+02
-1.8000e+02 1.4000e+02 1.0013e+02
-1.8000e+02 1.5000e+02 1.0008e+02
-1.8000e+02 1.6000e+02 1.0008e+02
-1.8000e+02 1.7000e+02 1.0026e+02
-1.8000e+02 1.8000e+02 1.0024e+02
-1.8000e+02 1.9000e+02 1.0007e+02
-1.8000e+02 2.0000e+02 1.0037e+02
-1.7000e+02 -2.0000e+02 1.0031e+02
-1.7000e+02 -1.9000e+02 1.0027e+02
-1.7000e+02 -1.8000e+02 1.0041e+02
-1.7000e+02 -1.7000e+02 1.0036e+02
-1.7000e+02 -1.6000e+02 1.0003e+02
-1.7000e+02 -1.5000e+02 1.0025e+02
-1.7000e+02 -1.4000e+02 1.0012e+02
-1.7000e+02 -1.3000e+02 1.0041e+02
-1.7000e+02 -1.2000e+02 1.0005e+02
-1.7000e+02 -1.1000e+02 1.0027e+02
-1.7000e+02 -1.0000e+02 1.0007e+02
-1.7000e+02 -9.0000e+01 1.0011e+02
-1.7000e+02 -8.0000e+01 1.0011e+02
-1.7000e+02 -7.0000e+01 9.9983e+01
-1.7000e+02 -6.0000e+01 1.0018e+02
-1.7000e+02 -5.0000e+01 1.0008e+02
-1.7000e+02 -4.0000e+01 1.0004e+02
-1.7000e+02 -3.0000e+01 9.9972e+01
-1.7000e+02 -2.0000e+01 1.0021e+02
-1.7000e+02 -1.0000e+01 1.0014e+02
-1.7000e+02 0.0000e+00 1.0001e+02
-1.7000e+02 1.0000e+01 9.9928e+01
-1.7000e+02 2.0000e+01 1.0017e+02
-1.7000e+02 3.0000e+01 1.0011e+02
-1.7000e+02 4.0000e+01 1.0022e+02
-1.7000e+02 5.0000e+01 1.0026e+02
-1.7000e+02 6.0000e+01 1.0033e+02
-1.7000e+02 7.0000e+01 9.9948e+01
-1.7000e+02 8.0000e+01 1.0020e+02
-1.7000e+02 9.0000e+01 1.0036e+02
-1.7000e+02 1.0000e+02 1.0028e+02
-1.7000e+02 1.1000e+02 1.0009e+02
-1.7000e+02 1.2000e+02 1.0007e+02
-1.7000e+02 1.3000e+02 1.0026e+02
-1.7000e+02 1.4000e+02 1.0030e+02
-1.7000e+02 1.5000e+02 1.0036e+02
-1.7000e+02 1.6000e+02 1.0019e+02
-1.7000e+02 1.7000e+02 1.0003e+02
-1.7000e+02 1.8000e+02 1.0035e+02
-1.7000e+02 1.9000e+02 1.0027e+02
-1.7000e+02 2.0000e+02 1.0036e+02
-1.6000e+02 -2.0000e+02 1.0043e+02
-1.6000e+02 -1.9000e+02 1.0039e+02
-1.6000e+02 -1.8000e+02 1.0018e+02
-1.6000e+02 -1.7000e+02 1.0044e+02
-1.6000e+02 -1.6000e+02 1.0028e+02
-1.6000e+02 -1.5000e+02 1.0022e+02
-1.6000e+02 -1.4000e+02 1.0012e+02
-1.6000e+02 -1.3000e+02 1.0047e+02
-1.6000e+02 -1.2000e+02 1.0031e+02
-1.6000e+02 -1.1000e+02 9.9973e+01
-1.6000e+02 -1.0000e+02 9.9987e+01
-1.6000e+02 -9.0000e+01 1.0017e+02
-1.6000e+02 -8.0000e+01 1.0003e+02
-1.6000e+02 -7.0000e+01 9.9956e+01
-1.6000e+02 -6.0000e+01 1.0005e+02
-1.6000e+02 -5.0000e+01 1.0001e+02
-1.6000e+02 -4.0000e+01 1.0020e+02
-1.6000e+02 -3.0000e+01 1.0016e+02
-1.6000e+02 -2.0000e+01 1.0020e+02
-1.6000e+02 -1.0000e+01 9.9922e+01
-1.6000e+02 0.0000e+00 1.0022e+02
-1.6000e+02 1.0000e+01 9.9861e+01
-1.6000e+02 2.0000e+01 1.0005e+02
-1.6000e+02 3.0000e+01 9.9775e+01
-1.6000e+02 4.0000e+01 9.9820e+01
-1.6000e+02 5.0000e+01 1.0005e+02
-1.6000e+02 6.0000e+01 1.0020e+02
-1.6000e+02 7.0000e+01 9.9879e+01
-1.6000e+02 8.0000e+01 1.0013e+02
-1.6000e+02 9.0000e+01 1.0026e+02
-1.6000e+02 1.0000e+02 9.9993e+01
-1.6000e+02 1.1000e+02 1.0000e+02
-1.6000e+02 1.2000e+02 1.0024e+02
-1.6000e+02 1.3000e+02 1.0023e+02
-1.6000e+02 1.4000e+02 1.0046e+02
-1.6000e+02 1.5000e+02 1.0013e+02
-1.6000e+02 1.6000e+02 1.0041e+02
-1.6000e+02 1.7000e+02 1.0034e+02
-1.6000e+02 1.8000e+02 1.0022e+02
-1.6000e+02 1.9000e+02 1.0045e+02
-1.6000e+02 2.0000e+02 1.0050e+02
-1.5000e+02 -2.0000e+02 1.0043e+02
-1.5000e+02 -1.9000e+02 1.0020e+02
-1.5000e+02 -1.8000e+02 1.0028e+02
-1.5000e+02 -1.7000e+02 1.0004e+02
-1.5000e+02 -1.6000e+02 1.0000e+02
-1.5000e+02 -1.5000e+02 1.0048e+02
-1.5000e+02 -1.4000e+02 1.0034e+02
-1.5000e+02 -1.3000e+02 9.9972e+01
-1.5000e+02 -1.2000e+02 1.0030e+02
-1.5000e+02 -1.1000e+02 1.0008e+02
-1.5000e+02 -1.0000e+02 9.9932e+01
-1.5000e+02 -9.0000e+01 9.9983e+01
-1.5000e+02 -8.0000e+01 9.9838e+01
-1.5000e+02 -7.0000e+01 1.0013e+02
-1.5000e+02 -6.0000e+01 9.9759e+01
-1.5000e+02 -5.0000e+01 1.0007e+02
-1.5000e+02 -4.0000e+01 1.0006e+02
-1.5000e+02 -3.0000e+01 9.9889e+01
-1.5000e+02 -2.0000e+01 1.0005e+02
-1.5000e+02 -1.0000e+01 9.9721e+01
-1.5000e+02 0.0000e+00 1.0002e+02
-1.5000e+02 1.0000e+01 9.9653e+01
-1.5000e+02 2.0000e+01 1.0004e+02
-1.5000e+02 3.0000e+01 9.9838e+01
-1.5000e+02 4.0000e+01 9.9830e+01
-1.5000e+02 5.0000e+01 9.9904e+01
-1.5000e+02 6.0000e+01 9.9890e+01
-1.5000e+02 7.0000e+01 1.0005e+02
-1.5000e+02 8.0000e+01 9.9866e+01
-1.5000e+02 9.0000e+01 9.9978e+01
-1.5000e+02 1.0000e+02 1.0000e+02
-1.5000e+02 1.1000e+02 1.0005e+02
-1.5000e+02 1.2000e+02 1.0000e+02
-1.5000e+02 1.3000e+02 1.0031e+02
-1.5000e+02 1.4000e+02 1.0036e+02
-1.5000e+02 1.5000e+02 1.0033e+02
-1.5000e+02 1.6000e+02 1.0014e+02
-1.5000e+02 1.7000e+02 1.0018e+02
-1.5000e+02 1.8000e+02 1.0045e+02
-1.5000e+02 1.9000e+02 1.0003e+02
-1.5000e+02 2.0000e+02 1.0023e+02
-1.4000e+02 -2.0000e+02 1.0036e+02
-1.4000e+02 -1.9000e+02 1.0018e+02
-1.4000e+02 -1.8000e+02 1.0016e+02
-1.4000e+02 -1.7000e+02 1.0009e+02
-1.4000e+02 -1.6000e+02 1.0012e+02
-1.4000e+02 -1.5000e+02 1.0046e+02
-1.4000e+02 -1.4000e+02 1.0029e+02
-1.4000e+02 -1.3000e+02 1.0030e+02
-1.4000e+02 -1.2000e+02 1.0026e+02
-1.4000e+02 -1.1000e+02 1.0026e+02
-1.4000e+02 -1.0000e+02 1.0005e+02
-1.4000e+02 -9.0000e+01 9.9990e+01
-1.4000e+02 -8.0000e+01 9.9847e+01
-1.4000e+02 -7.0000e+01 1.0008e+02
-1.4000e+02 -6.0000e+01 9.9649e+01
-1.4000e+02 -5.0000e+01 9.9888e+01
-1.4000e+02 -4.0000e+01 9.9479e+01
-1.4000e+02 -3.0000e+01 9.9645e+01
-1.4000e+02 -2.0000e+01 9.9495e+01
-1.4000e+02 -1.0000e+01 9.9765e+01
-1.4000e+02 0.0000e+00 9.9391e+01
-1.4000e+02 1.0000e+01 9.9438e+01
-1.4000e+02 2.0000e+01 9.9812e+01
-1.4000e+02 3.0000e+01 9.9751e+01
-1.4000e+02 4.0000e+01 9.9473e+01
-1.4000e+02 5.0000e+01 9.9617e+01
-1.4000e+02 6.0000e+01 9.9921e+01
-1.4000e+02 7.0000e+01 9.9891e+01
-1.4000e+02 8.0000e+01 1.0002e+02
-1.4000e+02 9.0000e+01 9.9882e+01
-1.4000e+02 1.0000e+02 1.0030e+02
-1.4000e+02 1.1000e+02 1.0021e+02
-1.4000e+02 1.2000e+02 1.0037e+02
-1.4000e+02 1.3000e+02 1.0020e+02
-1.4000e+02 1.4000e+02 1.0024e+02
-1.4000e+02 1.5000e+02 1.0004e+02
-1.4000e+02 1.6000e+02 1.0048e+02
-1.4000e+02 1.7000e+02 1.0045e+02
-1.4000e+02 1.8000e+02 1.0044e+02
-1.4000e+02 1.9000e+02 1.0005e+02
-1.4000e+02 2.0000e+02 1.0035e+02
-1.3000e+02 -2.0000e+02 1.0008e+02
-1.3000e+02 -1.9000e+02 1.0023e+02
-1.3000e+02 -1.8000e+02 1.0047e+02
-1.3000e+02 -1.7000e+02 1.0027e+02
-1.3000e+02 -1.6000e+02 1.0047e+02
-1.3000e+02 -1.5000e+02 1.0012e+02
-1.3000e+02 -1.4000e+02 1.0043e+02
-1.3000e+02 -1.3000e+02 1.0018e+02
-1.3000e+02 -1.2000e+02 1.0015e+02
-1.3000e+02 -1.1000e+02 1.0027e+02
-1.3000e+02 -1.0000e+02 1.0009e+02
-1.3000e+02 -9.0000e+01 1.0011e+02
-1.3000e+02 -8.0000e+01 1.0003e+02
-1.3000e+02 -7.0000e+01 9.9850e+01
-1.3000e+02 -6.0000e+01 9.9759e+01
-1.3000e+02 -5.0000e+01 9.9572e+01
-1.3000e+02 -4.0000e+01 9.9519e+01
-1.3000e+02 -3.0000e+01 9.9492e+01
-1.3000e+02 -2.0000e+01 9.9414e+01
-1.3000e+02 -1.0000e+01 9.9241e+01
-1.3000e+02 0.0000e+00 9.9213e+01
-1.3000e+02 1.0000e+01 9.9333e+01
-1.3000e+02 2.0000e+01 9.9470e+01
-1.3000e+02 3.0000e+01 9.9465e+01
-1.3000e+02 4.0000e+01 9.9505e+01
-1.3000e+02 5.0000e+01 9.9616e+01
-1.3000e+02 6.0000e+01 9.9550e+01
-1.3000e+02 7.0000e+01 9.9946e+01
-1.3000e+02 8.0000e+01 9.9984e+01
-1.3000e+02 9.0000e+01 9.9806e+01
-1.3000e+02 1.0000e+02 9.9792e+01
-1.3000e+02 1.1000e+02 1.0031e+02
-1.3000e+02 1.2000e+02 9.9990e+01
-1.3000e+02 1.3000e+02 1.0001e+02
-1.3000e+02 1.4000e+02 9.9984e+01
-1.3000e+02 1.5000e+02 1.0006e+02
-1.3000e+02 1.6000e+02 1.0031e+02
-1.3000e+02 1.7000e+02 1.0010e+02
-1.3000e+02 1.8000e+02 1.0043e+02
-1.3000e+02 1.9000e+02 1.0005e+02
-1.3000e+02 2.0000e+02 1.0046e+02
-1.2000e+02 -2.0000e+02 1.0005e+02
-1.2000e+02 -1.9000e+02 1.0003e+02
-1.2000e+02 -1.8000e+02 1.0021e+02
-1.2000e+02 -1.7000e+02 1.0019e+02
-1.2000e+02 -1.6000e+02 1.0023e+02
-1.2000e+02 -1.5000e+02 1.0016e+02
-1.2000e+02 -1.4000e+02 1.0017e+02
-1.2000e+02 -1.3000e+02 1.0023e+02
-1.2000e+02 -1.2000e+02 1.0032e+02
-1.2000e+02 -1.1000e+02 9.9787e+01
-1.2000e+02 -1.0000e+02 9.9682e+01
-1.2000e+02 -9.0000e+01 9.9735e+01
-1.2000e+02 -8.0000e+01 9.9811e+01
-1.2000e+02 -7.0000e+01 9.9632e+01
-1.2000e+02 -6.0000e+01 9.9456e+01
-1.2000e+02 -5.0000e+01 9.9297e+01
-1.2000e+02 -4.0000e+01 9.8786e+01
-1.2000e+02 -3.0000e+01 9.8655e+01
-1.2000e+02 -2.0000e+01 9.8794e+01
-1.2000e+02 -1.0000e+01 9.8846e+01
-1.2000e+02 0.0000e+00 9.8525e+01
-1.2000e+02 1.0000e+01 9.8642e+01
-1.2000e+02 2.0000e+01 9.8918e+01
-1.2000e+02 3.0000e+01 9.8812e+01
-1.2000e+02 4.0000e+01 9.8962e+01
-1.2000e+02 5.0000e+01 9.9376e+01
-1.2000e+02 6.0000e+01 9.9532e+01
-1.2000e+02 7.0000e+01 9.9628e+01
-1.2000e+02 8.0000e+01 9.9666e+01
-1.2000e+02 9.0000e+01 9.9790e+01
-1.2000e+02 1.0000e+02 9.9875e+01
-1.2000e+02 1.1000e+02 1.0024e+02
-1.2000e+02 1.2000e+02 1.0019e+02
-1.2000e+02 1.3000e+02 1.0004e+02
-1.2000e+02 1.4000e+02 1.0026e+02
-1.2000e+02 1.5000e+02 1.0029e+02
-1.2000e+02 1.6000e+02 9.9998e+01
-1.2000e+02 1.7000e+02 1.0014e+02
-1.2000e+02 1.8000e+02 1.0006e+02
-1.2000e+02 1.9000e+02 1.0004e+02
-1.2000e+02 2.0000e+02 1.0013e+02
-1.1000e+02 -2.0000e+02 1.0035e+02
-1.1000e+02 -1.9000e+02 1.0031e+02
-1.1000e+02 -1.8000e+02 1.0013e+02
-1.1000e+02 -1.7000e+02 1.0024e+02
-1.1000e+02 -1.6000e+02 1.0029e+02
-1.1000e+02 -1.5000e+02 1.0002e+02
-1.1000e+02 -1.4000e+02 1.0014e+02
-1.1000e+02 -1.3000e+02 1.0006e+02
-1.1000e+02 -1.2000e+02 1.0018e+02
-1.1000e+02 -1.1000e+02 1.0003e+02
-1.1000e+02 -1.0000e+02 9.9776e+01
-1.1000e+02 -9.0000e+01 9.9697e+01
-1.1000e+02 -8.0000e+01 9.9308e+01
-1.1000e+02 -7.0000e+01 9.9330e+01
-1.1000e+02 -6.0000e+01 9.9051e+01
-1.1000e+02 -5.0000e+01 9.8782e+01
-1.1000e+02 -4.0000e+01 9.8373e+01
-1.1000e+02 -3.0000e+01 9.8114e+01
-1.1000e+02 -2.0000e+01 9.8033e+01
-1.1000e+02 -1.0000e+01 9.8181e+01
-1.1000e+02 0.0000e+00 9.7842e+01
-1.1000e+02 1.0000e+01 9.8252e+01
-1.1000e+02 2.0000e+01 9.7935e+01
-1.1000e+02 3.0000e+01 9.8322e+01
-1.1000e+02 4.0000e+01 9.8405e+01
-1.1000e+02 5.0000e+01 9.8493e+01
-1.1000e+02 6.0000e+01 9.8725e+01
-1.1000e+02 7.0000e+01 9.9377e+01
-1.1000e+02 8.0000e+01 9.9518e+01
-1.1000e+02 9.0000e+01 9.9583e+01
-1.1000e+02 1.0000e+02 9.9969e+01
-1.1000e+02 1.1000e+02 9.9930e+01
-1.1000e+02 1.2000e+02 9.9913e+01
-1.1000e+02 1.3000e+02 1.0001e+02
-1.1000e+02 1.4000e+02 1.0038e+02
-1.1000e+02 1.5000e+02 1.0009e+02
-1.1000e+02 1.6000e+02 1.0025e+02
-1.1000e+02 1.7000e+02 1.0032e+02
-1.1000e+02 1.8000e+02 1.0003e+02
-1.1000e+02 1.9000e+02 1.0009e+02
-1.1000e+02 2.0000e+02 1.0042e+02
-1.0000e+02 -2.0000e+02 1.0028e+02
-1.0000e+02 -1.9000e+02 1.0013e+02
-1.0000e+02 -1.8000e+02 1.0043e+02
-1.0000e+02 -1.7000e+02 1.0023e+02
-1.0000e+02 -1.6000e+02 1.0016e+02
-1.0000e+02 -1.5000e+02 9.9920e+01
-1.0000e+02 -1.4000e+02 9.9898e+01
-1.0000e+02 -1.3000e+02 1.0015e+02
-1.0000e+02 -1.2000e+02 9.9989e+01
-1.0000e+02 -1.1000e+02 9.9729e+01
-1.0000e+02 -1.0000e+02 9.9652e+01
-1.0000e+02 -9.0000e+01 9.9368e+01
-1.0000e+02 -8.0000e+01 9.9021e+01
-1.0000e+02 -7.0000e+01 9.8917e+01
-1.0000e+02 -6.0000e+01 9.8279e+01
-1.0000e+02 -5.0000e+01 9.8269e+01
-1.0000e+02 -4.0000e+01 9.7815e+01
-1.0000e+02 -3.0000e+01 9.7432e+01
-1.0000e+02 -2.0000e+01 9.7438e+01
-1.0000e+02 -1.0000e+01 9.7117e+01
-1.0000e+02 0.0000e+00 9.7318e+01
-1.0000e+02 1.0000e+01 9.7293e+01
-1.0000e+02 2.0000e+01 9.7279e+01
-1.0000e+02 3.0000e+01 9.7315e+01
-1.0000e+02 4.0000e+01 9.7676e+01
-1.0000e+02 5.0000e+01 9.8170e+01
-1.0000e+02 6.0000e+01 9.8304e+01
-1.0000e+02 7.0000e+01 9.8980e+01
-1.0000e+02 8.0000e+01 9.9306e+01
-1.0000e+02 9.0000e+01 9.9229e+01
-1.0000e+02 1.0000e+02 9.9593e+01
-1.0000e+02 1.1000e+02 9.9689e+01
-1.0000e+02 1.2000e+02 1.0012e+02
-1.0000e+02 1.3000e+02 9.9935e+01
-1.0000e+02 1.4000e+02 1.0030e+02
-1.0000e+02 1.5000e+02 1.0038e+02
-1.0000e+02 1.6000e+02 1.0010e+02
-1.0000e+02 1.7000e+02 1.0041e+02
-1.0000e+02 1.8000e+02 1.0018e+02
-1.0000e+02 1.9000e+02 1.0017e+02
-1.0000e+02 2.0000e+02 1.0035e+02
-9.0000e+01 -2.0000e+02 1.0037e+02
-9.0000e+01 -1.9000e+02 1.0037e+02
-9.0000e+01 -1.8000e+02 1.0021e+02
-9.0000e+01 -1.7000e+02 1.0045e+02
-9.0000e+01 -1.6000e+02 1.0036e+02
-9.0000e+01 -1.5000e+02 1.0034e+02
-9.0000e+01 -1.4000e+02 1.0019e+02
-9.0000e+01 -1.3000e+02 9.9879e+01
-9.0000e+01 -1.2000e+02 9.9987e+01
-9.0000e+01 -1.1000e+02 9.9650e+01
-9.0000e+01 -1.0000e+02 9.9410e+01
-9.0000e+01 -9.0000e+01 9.9300e+01
-9.0000e+01 -8.0000e+01 9.8673e+01
-9.0000e+01 -7.0000e+01 9.8241e+01
-9.0000e+01 -6.0000e+01 9.7699e+01
-9.0000e+01 -5.0000e+01 9.7219e+01
-9.0000e+01 -4.0000e+01 9.7126e+01
-9.0000e+01 -3.0000e+01 9.6675e+01
-9.0000e+01 -2.0000e+01 9.6428e+01
-9.0000e+01 -1.0000e+01 9.5893e+01
-9.0000e+01 0.0000e+00 9.6246e+01
-9.0000e+01 1.0000e+01 9.6241e+01
-9.0000e+01 2.0000e+01 9.6477e+01
-9.0000e+01 3.0000e+01 9.6386e+01
-9.0000e+01 4.0000e+01 9.7132e+01
-9.0000e+01 5.0000e+01 9.7481e+01
-9.0000e+01 6.0000e+01 9.7794e+01
-9.0000e+01 7.0000e+01 9.8115e+01
-9.0000e+01 8.0000e+01 9.8504e+01
-9.0000e+01 9.0000e+01 9.8827e+01
-9.0000e+01 1.0000e+02 9.9267e+01
-9.0000e+01 1.1000e+02 9.9849e+01
-9.0000e+01 1.2000e+02 9.9675e+01
-9.0000e+01 1.3000e+02 9.9855e+01
-9.0000e+01 1.4000e+02 9.9885e+01
-9.0000e+01 1.5000e+02 1.0019e+02
-9.0000e+01 1.6000e+02 1.0029e+02
-9.0000e+01 1.7000e+02 1.0014e+02
-9.0000e+01 1.8000e+02 1.0029e+02
-9.0000e+01 1.9000e+02 1.0043e+02
-9.0000e+01 2.0000e+02 9.9996e+01
-8.0000e+01 -2.0000e+02 1.0021e+02
-8.0000e+01 -1.9000e+02 1.0011e+02
-8.0000e+01 -1.8000e+02 1.0036e+02
-8.0000e+01 -1.7000e+02 1.0011e+02
-8.0000e+01 -1.6000e+02 1.0033e+02
-8.0000e+01 -1.5000e+02 1.0019e+02
-8.0000e+01 -1.4000e+02 9.9824e+01
-8.0000e+01 -1.3000e+02 9.9917e+01
-8.0000e+01 -1.2000e+02 9.9890e+01
-8.0000e+01 -1.1000e+02 9.9363e+01
-8.0000e+01 -1.0000e+02 9.8962e+01
-8.0000e+01 -9.0000e+01 9.8728e+01
-8.0000e+01 -8.0000e+01 9.8352e+01
-8.0000e+01 -7.0000e+01 9.7922e+01
-8.0000e+01 -6.0000e+01 9.6971e+01
-8.0000e+01 -5.0000e+01 9.6269e+01
-8.0000e+01 -4.0000e+01 9.5753e+01
-8.0000e+01 -3.0000e+01 9.5463e+01
-8.0000e+01 -2.0000e+01 9.5216e+01
-8.0000e+01 -1.0000e+01 9.4891e+01
-8.0000e+01 0.0000e+00 9.4560e+01
-8.0000e+01 1.0000e+01 9.4999e+01
-8.0000e+01 2.0000e+01 9.5044e+01
-8.0000e+01 3.0000e+01 9.5497e+01
-8.0000e+01 4.0000e+01 9.5812e+01
-8.0000e+01 5.0000e+01 9.6663e+01
-8.0000e+01 6.0000e+01 9.6857e+01
-8.0000e+01 7.0000e+01 9.7755e+01
-8.0000e+01 8.0000e+01 9.8100e+01
-8.0000e+01 9.0000e+01 9.8738e+01
-8.0000e+01 1.0000e+02 9.8911e+01
-8.0000e+01 1.1000e+02 9.9598e+01
-8.0000e+01 1.2000e+02 9.9801e+01
-8.0000e+01 1.3000e+02 9.9908e+01
-8.0000e+01 1.4000e+02 9.9886e+01
-8.0000e+01 1.5000e+02 1.0020e+02
-8.0000e+01 1.6000e+02 1.0022e+02
-8.0000e+01 1.7000e+02 1.0003e+02
-8.0000e+01 1.8000e+02 1.0041e+02
-8.0000e+01 1.9000e+02 1.0009e+02
-8.0000e+01 2.0000e+02 1.0015e+02
-7.0000e+01 -2.0000e+02 1.0022e+02
-7.0000e+01 -1.9000e+02 1.0019e+02
-7.0000e+01 -1.8000e+02 1.0034e+02
-7.0000e+01 -1.7000e+02 9.9932e+01
-7.0000e+01 -1.6000e+02 1.0033e+02
-7.0000e+01 -1.5000e+02 9.9889e+01
-7.0000e+01 -1.4000e+02 1.0001e+02
-7.0000e+01 -1.3000e+02 9.9857e+01
-7.0000e+01 -1.2000e+02 9.9452e+01
-7.0000e+01 -1.1000e+02 9.9173e+01
-7.0000e+01 -1.0000e+02 9.8907e+01
-7.0000e+01 -9.0000e+01 9.8080e+01
-7.0000e+01 -8.0000e+01 9.7663e+01
-7.0000e+01 -7.0000e+01 9.7193e+01
-7.0000e+01 -6.0000e+01 9.6222e+01
-7.0000e+01 -5.0000e+01 9.5451e+01
-7.0000e+01 -4.0000e+01 9.4973e+01
-7.0000e+01 -3.0000e+01 9.4325e+01
-7.0000e+01 -2.0000e+01 9.3623e+01
-7.0000e+01 -1.0000e+01 9.3303e+01
-7.0000e+01 0.0000e+00 9.3382e+01
-7.0000e+01 1.0000e+01 9.3135e+01
-7.0000e+01 2.0000e+01 9.3650e+01
-7.0000e+01 3.0000e+01 9.4155e+01
-7.0000e+01 4.0000e+01 9.4987e+01
-7.0000e+01 5.0000e+01 9.5497e+01
-7.0000e+01 6.0000e+01 9.6415e+01
-7.0000e+01 7.0000e+01 9.7102e+01
-7.0000e+01 8.0000e+01 9.7658e+01
-7.0000e+01 9.0000e+01 9.8077e+01
-7.0000e+01 1.0000e+02 9.8633e+01
-7.0000e+01 1.1000e+02 9.9349e+01
-7.0000e+01 1.2000e+02 9.9561e+01
-7.0000e+01 1.3000e+02 9.9975e+01
-7.0000e+01 1.4000e+02 1.0006e+02
-7.0000e+01 1.5000e+02 1.0017e+02
-7.0000e+01 1.6000e+02 9.9952e+01
-7.0000e+01 1.7000e+02 1.0025e+02
-7.0000e+01 1.8000e+02 1.0040e+02
-7.0000e+01 1.9000e+02 1.0011e+02
-7.0000e+01 2.0000e+02 1.0026e+02
-6.0000e+01 -2.0000e+02 1.0037e+02
-6.0000e+01 -1.9000e+02 1.0038e+02
-6.0000e+01 -1.8000e+02 1.0040e+02
-6.0000e+01 -1.7000e+02 1.0024e+02
-6.0000e+01 -1.6000e+02 1.0034e+02
-6.0000e+01 -1.5000e+02 9.9824e+01
-6.0000e+01 -1.4000e+02 1.0008e+02
-6.0000e+01 -1.3000e+02 9.9799e+01
-6.0000e+01 -1.2000e+02 9.9223e+01
-6.0000e+01 -1.1000e+02 9.8925e+01
-6.0000e+01 -1.0000e+02 9.8558e+01
-6.0000e+01 -9.0000e+01 9.7601e+01
-6.0000e+01 -8.0000e+01 9.6948e+01
-6.0000e+01 -7.0000e+01 9.6274e+01
-6.0000e+01 -6.0000e+01 9.5454e+01
-6.0000e+01 -5.0000e+01 9.4712e+01
-6.0000e+01 -4.0000e+01 9.3473e+01
-6.0000e+01 -3.0000e+01 9.2736e+01
-6.0000e+01 -2.0000e+01 9.2000e+01
-6.0000e+01 -1.0000e+01 9.2021e+01
-6.0000e+01 0.0000e+00 9.1903e+01
-6.0000e+01 1.0000e+01 9.1784e+01
-6.0000e+01 2.0000e+01 9.2235e+01
-6.0000e+01 3.0000e+01 9.3029e+01
-6.0000e+01 4.0000e+01 9.3696e+01
-6.0000e+01 5.0000e+01 9.4701e+01
-6.0000e+01 6.0000e+01 9.5280e+01
-6.0000e+01 7.0000e+01 9.6143e+01
-6.0000e+01 8.0000e+01 9.7235e+01
-6.0000e+01 9.0000e+01 9.7913e+01
-6.0000e+01 1.0000e+02 9.8608e+01
-6.0000e+01 1.1000e+02 9.8766e+01
-6.0000e+01 1.2000e+02 9.9253e+01
-6.0000e+01 1.3000e+02 9.9823e+01
-6.0000e+01 1.4000e+02 9.9899e+01
-6.0000e+01 1.5000e+02 1.0001e+02
-6.0000e+01 1.6000e+02 9.9966e+01
-6.0000e+01 1.7000e+02 1.0030e+02
-6.0000e+01 1.8000e+02 1.0005e+02
-6.0000e+01 1.9000e+02 1.0006e+02
-6.0000e+01 2.0000e+02 1.0025e+02
-5.0000e+01 -2.0000e+02 1.0034e+02
-5.0000e+01 -1.9000e+02 1.0037e+02
-5.0000e+01 -1.8000e+02 1.0011e+02
-5.0000e+01 -1.7000e+02 1.0020e+02
-5.0000e+01 -1.6000e+02 1.0016e+02
-5.0000e+01 -1.5000e+02 1.0007e+02
-5.0000e+01 -1.4000e+02 9.9858e+01
-5.0000e+01 -1.3000e+02 9.9450e+01
-5.0000e+01 -1.2000e+02 9.9286e+01
-5.0000e+01 -1.1000e+02 9.8639e+01
-5.0000e+01 -1.0000e+02 9.8154e+01
-5.0000e+01 -9.0000e+01 9.7167e+01
-5.0000e+01 -8.0000e+01 9.6267e+01
-5.0000e+01 -7.0000e+01 9.5649e+01
-5.0000e+01 -6.0000e+01 9.4247e+01
-5.0000e+01 -5.0000e+01 9.3431e+01
-5.0000e+01 -4.0000e+01 9.2383e+01
-5.0000e+01 -3.0000e+01 9.1325e+01
-5.0000e+01 -2.0000e+01 9.0745e+01
-5.0000e+01 -1.0000e+01 9.0369e+01
-5.0000e+01 0.0000e+00 8.9979e+01
-5.0000e+01 1.0000e+01 9.0229e+01
-5.0000e+01 2.0000e+01 9.0801e+01
-5.0000e+01 3.0000e+01 9.1198e+01
-5.0000e+01 4.0000e+01 9.2134e+01
-5.0000e+01 5.0000e+01 9.3557e+01
-5.0000e+01 6.0000e+01 9.4452e+01
-5.0000e+01 7.0000e+01 9.5287e+01
-5.0000e+01 8.0000e+01 9.6644e+01
-5.0000e+01 9.0000e+01 9.7539e+01
-5.0000e+01 1.0000e+02 9.8147e+01
-5.0000e+01 1.1000e+02 9.8733e+01
-5.0000e+01 1.2000e+02 9.9165e+01
-5.0000e+01 1.3000e+02 9.9357e+01
-5.0000e+01 1.4000e+02 9.9934e+01
-5.0000e+01 1.5000e+02 9.9809e+01
-5.0000e+01 1.6000e+02 9.9934e+01
-5.0000e+01 1.7000e+02 1.0037e+02
-5.0000e+01 1.8000e+02 1.0026e+02
-5.0000e+01 1.9000e+02 1.0021e+02
-5.0000e+01 2.0000e+02 1.0037e+02
-4.0000e+01 -2.0000e+02 1.0039e+02
-4.0000e+01 -1.9000e+02 1.0003e+02
-4.0000e+01 -1.8000e+02 1.0017e+02
-4.0000e+01 -1.7000e+02 1.0033e+02
-4.0000e+01 -1.6000e+02 9.9985e+01
-4.0000e+01 -1.5000e+02 1.0005e+02
-4.0000e+01 -1.4000e+02 9.9834e+01
-4.0000e+01 -1.3000e+02 9.9191e+01
-4.0000e+01 -1.2000e+02 9.8945e+01
-4.0000e+01 -1.1000e+02 9.8601e+01
-4.0000e+01 -1.0000e+02 9.7616e+01
-4.0000e+01 -9.0000e+01 9.7009e+01
-4.0000e+01 -8.0000e+01 9.5706e+01
-4.0000e+01 -7.0000e+01 9.4584e+01
-4.0000e+01 -6.0000e+01 9.3594e+01
-4.0000e+01 -5.0000e+01 9.2595e+01
-4.0000e+01 -4.0000e+01 9.1004e+01
-4.0000e+01 -3.0000e+01 9.0016e+01
-4.0000e+01 -2.0000e+01 8.9340e+01
-4.0000e+01 -1.0000e+01 8.8668e+01
-4.0000e+01 0.0000e+00 8.8427e+01
-4.0000e+01 1.0000e+01 8.8691e+01
-4.0000e+01 2.0000e+01 8.9284e+01
-4.0000e+01 3.0000e+01 9.0265e+01
-4.0000e+01 4.0000e+01 9.1039e+01
-4.0000e+01 5.0000e+01 9.2514e+01
-4.0000e+01 6.0000e+01 9.3803e+01
-4.0000e+01 7.0000e+01 9.5051e+01
-4.0000e+01 8.0000e+01 9.5799e+01
-4.0000e+01 9.0000e+01 9.7035e+01
-4.0000e+01 1.0000e+02 9.7788e+01
-4.0000e+01 1.1000e+02 9.8434e+01
-4.0000e+01 1.2000e+02 9.8789e+01
-4.0000e+01 1.3000e+02 9.9316e+01
-4.0000e+01 1.4000e+02 9.9484e+01
-4.0000e+01 1.5000e+02 9.9831e+01
-4.0000e+01 1.6000e+02 1.0022e+02
-4.0000e+01 1.7000e+02 9.9889e+01
-4.0000e+01 1.8000e+02 1.0007e+02
-4.0000e+01 1.9000e+02 1.0002e+02
-4.0000e+01 2.0000e+02 1.0038e+02
-3.0000e+01 -2.0000e+02 1.0014e+02
-3.0000e+01 -1.9000e+02 9.9980e+01
-3.0000e+01 -1.8000e+02 1.0030e+02
-3.0000e+01 -1.7000e+02 9.9944e+01
-3.0000e+01 -1.6000e+02 9.9877e+01
-3.0000e+01 -1.5000e+02 9.9981e+01
-3.0000e+01 -1.4000e+02 9.9433e+01
-3.0000e+01 -1.3000e+02 9.9536e+01
-3.0000e+01 -1.2000e+02 9.9114e+01
-3.0000e+01 -1.1000e+02 9.8258e+01
-3.0000e+01 -1.0000e+02 9.7613e+01
-3.0000e+01 -9.0000e+01 9.6535e+01
-3.0000e+01 -8.0000e+01 9.5489e+01
-3.0000e+01 -7.0000e+01 9.4011e+01
-3.0000e+01 -6.0000e+01 9.3021e+01
-3.0000e+01 -5.0000e+01 9.1274e+01
-3.0000e+01 -4.0000e+01 9.0166e+01
-3.0000e+01 -3.0000e+01 8.8952e+01
-3.0000e+01 -2.0000e+01 8.8137e+01
-3.0000e+01 -1.0000e+01 8.7269e+01
-3.0000e+01 0.0000e+00 8.7043e+01
-3.0000e+01 1.0000e+01 8.7255e+01
-3.0000e+01 2.0000e+01 8.8080e+01
-3.0000e+01 3.0000e+01 8.9076e+01
-3.0000e+01 4.0000e+01 9.0074e+01
-3.0000e+01 5.0000e+01 9.1667e+01
-3.0000e+01 6.0000e+01 9.2825e+01
-3.0000e+01 7.0000e+01 9.4080e+01
-3.0000e+01 8.0000e+01 9.5407e+01
-3.0000e+01 9.0000e+01 9.6670e+01
-3.0000e+01 1.0000e+02 9.7630e+01
-3.0000e+01 1.1000e+02 9.8510e+01
-3.0000e+01 1.2000e+02 9.8855e+01
-3.0000e+01 1.3000e+02 9.9403e+01
-3.0000e+01 1.4000e+02 9.9631e+01
-3.0000e+01 1.5000e+02 9.9777e+01
-3.0000e+01 1.6000e+02 9.9771e+01
-3.0000e+01 1.7000e+02 1.0001e+02
-3.0000e+01 1.8000e+02 9.9994e+01
-3.0000e+01 1.9000e+02 1.0000e+02
-3.0000e+01 2.0000e+02 1.0029e+02
-2.0000e+01 -2.0000e+02 1.0047e+02
-2.0000e+01 -1.9000e+02 1.0025e+02
-2.0000e+01 -1.8000e+02 1.0004e+02
-2.0000e+01 -1.7000e+02 1.0005e+02
-2.0000e+01 -1.6000e+02 1.0010e+02
-2.0000e+01 -1.5000e+02 9.9894e+01
-2.0000e+01 -1.4000e+02 9.9521e+01
-2.0000e+01 -1.3000e+02 9.9124e+01
-2.0000e+01 -1.2000e+02 9.8570e+01
-2.0000e+01 -1.1000e+02 9.8335e+01
-2.0000e+01 -1.0000e+02 9.7092e+01
-2.0000e+01 -9.0000e+01 9.6257e+01
-2.0000e+01 -8.0000e+01 9.4836e+01
-2.0000e+01 -7.0000e+01 9.3835e+01
-2.0000e+01 -6.0000e+01 9.2113e+01
-2.0000e+01 -5.0000e+01 9.0891e+01
-2.0000e+01 -4.0000e+01 8.9116e+01
-2.0000e+01 -3.0000e+01 8.7850e+01
-2.0000e+01 -2.0000e+01 8.7089e+01
-2.0000e+01 -1.0000e+01 8.6144e+01
-2.0000e+01 0.0000e+00 8.6052e+01
-2.0000e+01 1.0000e+01 8.6374e+01
-2.0000e+01 2.0000e+01 8.7174e+01
-2.0000e+01 3.0000e+01 8.7946e+01
-2.0000e+01 4.0000e+01 8.9060e+01
-2.0000e+01 5.0000e+01 9.0609e+01
-2.0000e+01 6.0000e+01 9.2422e+01
-2.0000e+01 7.0000e+01 9.3758e+01
-2.0000e+01 8.0000e+01 9.5241e+01
-2.0000e+01 9.0000e+01 9.6364e+01
-2.0000e+01 1.0000e+02 9.7421e+01
-2.0000e+01 1.1000e+02 9.7903e+01
-2.0000e+01 1.2000e+02 9.8517e+01
-2.0000e+01 1.3000e+02 9.9220e+01
-2.0000e+01 1.4000e+02 9.9433e+01
-2.0000e+01 1.5000e+02 9.9735e+01
-2.0000e+01 1.6000e+02 9.9779e+01
-2.0000e+01 1.7000e+02 1.0018e+02
-2.0000e+01 1.8000e+02 1.0025e+02
-2.0000e+01 1.9000e+02 1.0041e+02
-2.0000e+01 2.0000e+02 1.0009e+02
-1.0000e+01 -2.0000e+02 1.0042e+02
-1.0000e+01 -1.9000e+02 1.0001e+02
-1.0000e+01 -1.8000e+02 9.9952e+01
-1.0000e+01 -1.7000e+02 1.0009e+02
-1.0000e+01 -1.6000e+02 9.9961e+01
-1.0000e+01 -1.5000e+02 9.9879e+01
-1.0000e+01 -1.4000e+02 9.9380e+01
-1.0000e+01 -1.3000e+02 9.9163e+01
-1.0000e+01 -1.2000e+02 9.8928e+01
-1.0000e+01 -1.1000e+02 9.7805e+01
-1.0000e+01 -1.0000e+02 9.7104e+01
-1.0000e+01 -9.0000e+01 9.6287e+01
-1.0000e+01 -8.0000e+01 9.4588e+01
-1.0000e+01 -7.0000e+01 9.3477e+01
-1.0000e+01 -6.0000e+01 9.2082e+01
-1.0000e+01 -5.0000e+01 9.0324e+01
-1.0000e+01 -4.0000e+01 8.8539e+01
-1.0000e+01 -3.0000e+01 8.7368e+01
-1.0000e+01 -2.0000e+01 8.6325e+01
-1.0000e+01 -1.0000e+01 8.5877e+01
-1.0000e+01 0.0000e+00 8.5479e+01
-1.0000e+01 1.0000e+01 8.5822e+01
-1.0000e+01 2.0000e+01 8.6362e+01
-1.0000e+01 3.0000e+01 8.7448e+01
-1.0000e+01 4.0000e+01 8.8880e+01
-1.0000e+01 5.0000e+01 9.0109e+01
-1.0000e+01 6.0000e+01 9.2024e+01
-1.0000e+01 7.0000e+01 9.3589e+01
-1.0000e+01 8.0000e+01 9.4901e+01
-1.0000e+01 9.0000e+01 9.6100e+01
-1.0000e+01 1.0000e+02 9.7308e+01
-1.0000e+01 1.1000e+02 9.8098e+01
-1.0000e+01 1.2000e+02 9.8801e+01
-1.0000e+01 1.3000e+02 9.9166e+01
-1.0000e+01 1.4000e+02 9.9608e+01
-1.0000e+01 1.5000e+02 9.9751e+01
-1.0000e+01 1.6000e+02 1.0002e+02
-1.0000e+01 1.7000e+02 9.9966e+01
-1.0000e+01 1.8000e+02 1.0010e+02
-1.0000e+01 1.9000e+02 1.0018e+02
-1.0000e+01 2.0000e+02 1.0013e+02
0.0000e+00 -2.0000e+02 1.0020e+02
0.0000e+00 -1.9000e+02 1.0005e+02
0.0000e+00 -1.8000e+02 9.9951e+01
0.0000e+00 -1.7000e+02 1.0005e+02
0.0000e+00 -1.6000e+02 1.0011e+02
0.0000e+00 -1.5000e+02 9.9989e+01
0.0000e+00 -1.4000e+02 9.9792e+01
0.0000e+00 -1.3000e+02 9.9187e+01
0.0000e+00 -1.2000e+02 9.8659e+01
0.0000e+00 -1.1000e+02 9.8202e+01
0.0000e+00 -1.0000e+02 9.7254e+01
0.0000e+00 -9.0000e+01 9.6215e+01
0.0000e+00 -8.0000e+01 9.4671e+01
0.0000e+00 -7.0000e+01 9.3098e+01
0.0000e+00 -6.0000e+01 9.1592e+01
0.0000e+00 -5.0000e+01 9.0142e+01
0.0000e+00 -4.0000e+01 8.8548e+01
0.0000e+00 -3.0000e+01 8.7360e+01
0.0000e+00 -2.0000e+01 8.5941e+01
0.0000e+00 -1.0000e+01 8.5397e+01
0.0000e+00 0.0000e+00 8.5256e+01
0.0000e+00 1.0000e+01 8.5309e+01
0.0000e+00 2.0000e+01 8.6106e+01
0.0000e+00 3.0000e+01 8.7101e+01
0.0000e+00 4.0000e+01 8.8477e+01
0.0000e+00 5.0000e+01 9.0096e+01
0.0000e+00 6.0000e+01 9.1506e+01
0.0000e+00 7.0000e+01 9.3254e+01
0.0000e+00 8.0000e+01 9.4776e+01
0.0000e+00 9.0000e+01 9.5855e+01
0.0000e+00 1.0000e+02 9.7127e+01
0.0000e+00 1.1000e+02 9.8117e+01
0.0000e+00 1.2000e+02 9.8432e+01
0.0000e+00 1.3000e+02 9.9371e+01
0.0000e+00 1.4000e+02 9.9593e+01
0.0000e+00 1.5000e+02 9.9943e+01
0.0000e+00 1.6000e+02 1.0003e+02
0.0000e+00 1.7000e+02 1.0025e+02
0.0000e+00 1.8000e+02 1.0014e+02
0.0000e+00 1.9000e+02 1.0004e+02
0.0000e+00 2.0000e+02 1.0029e+02
1.0000e+01 -2.0000e+02 1.0028e+02
1.0000e+01 -1.9000e+02 1.0020e+02
1.0000e+01 -1.8000e+02 1.0022e+02
1.0000e+01 -1.7000e+02 1.0026e+02
1.0000e+01 -1.6000e+02 9.9733e+01
1.0000e+01 -1.5000e+02 9.9930e+01
1.0000e+01 -1.4000e+02 9.9742e+01
1.0000e+01 -1.3000e+02 9.9067e+01
1.0000e+01 -1.2000e+02 9.8853e+01
1.0000e+01 -1.1000e+02 9.8039e+01
1.0000e+01 -1.0000e+02 9.7194e+01
1.0000e+01 -9.0000e+01 9.5875e+01
1.0000e+01 -8.0000e+01 9.4629e+01
1.0000e+01 -7.0000e+01 9.3481e+01
1.0000e+01 -6.0000e+01 9.1754e+01
1.0000e+01 -5.0000e+01 9.0061e+01
1.0000e+01 -4.0000e+01 8.8747e+01
1.0000e+01 -3.0000e+01 8.7251e+01
1.0000e+01 -2.0000e+01 8.6595e+01
1.0000e+01 -1.0000e+01 8.5905e+01
1.0000e+01 0.0000e+00 8.5692e+01
1.0000e+01 1.0000e+01 8.5853e+01
1.0000e+01 2.0000e+01 8.6407e+01
1.0000e+01 3.0000e+01 8.7566e+01
1.0000e+01 4.0000e+01 8.8853e+01
1.0000e+01 5.0000e+01 9.0330e+01
1.0000e+01 6.0000e+01 9.1725e+01
1.0000e+01 7.0000e+01 9.3544e+01
1.0000e+01 8.0000e+01 9.4729e+01
1.0000e+01 9.0000e+01 9.6163e+01
1.0000e+01 1.0000e+02 9.6952e+01
1.0000e+01 1.1000e+02 9.8110e+01
1.0000e+01 1.2000e+02 9.8520e+01
1.0000e+01 1.3000e+02 9.9319e+01
1.0000e+01 1.4000e+02 9.9592e+01
1.0000e+01 1.5000e+02 9.9617e+01
1.0000e+01 1.6000e+02 9.9748e+01
1.0000e+01 1.7000e+02 1.0002e+02
1.0000e+01 1.8000e+02 1.0027e+02
1.0000e+01 1.9000e+02 1.0034e+02
1.0000e+01 2.0000e+02 1.0041e+02
2.0000e+01 -2.0000e+02 1.0032e+02
2.0000e+01 -1.9000e+02 1.0007e+02
2.0000e+01 -1.8000e+02 9.9975e+01
2.0000e+01 -1.7000e+02 1.0026e+02
2.0000e+01 -1.6000e+02 9.9826e+01
2.0000e+01 -1.5000e+02 9.9656e+01
2.0000e+01 -1.4000e+02 9.9609e+01
2.0000e+01 -1.3000e+02 9.9371e+01
2.0000e+01 -1.2000e+02 9.8654e+01
2.0000e+01 -1.1000e+02 9.8342e+01
2.0000e+01 -1.0000e+02 9.7149e+01
2.0000e+01 -9.0000e+01 9.6366e+01
2.0000e+01 -8.0000e+01 9.5264e+01
2.0000e+01 -7.0000e+01 9.3727e+01
2.0000e+01 -6.0000e+01 9.2070e+01
2.0000e+01 -5.0000e+01 9.0695e+01
2.0000e+01 -4.0000e+01 8.9143e+01
2.0000e+01 -3.0000e+01 8.7844e+01
2.0000e+01 -2.0000e+01 8.6934e+01
2.0000e+01 -1.0000e+01 8.6498e+01
2.0000e+01 0.0000e+00 8.5985e+01
2.0000e+01 1.0000e+01 8.6505e+01
2.0000e+01 2.0000e+01 8.7203e+01
2.0000e+01 3.0000e+01 8.8138e+01
2.0000e+01 4.0000e+01 8.9126e+01
2.0000e+01 5.0000e+01 9.0896e+01
2.0000e+01 6.0000e+01 9.2227e+01
2.0000e+01 7.0000e+01 9.3755e+01
2.0000e+01 8.0000e+01 9.5261e+01
2.0000e+01 9.0000e+01 9.6177e+01
2.0000e+01 1.0000e+02 9.7482e+01
2.0000e+01 1.1000e+02 9.7969e+01
2.0000e+01 1.2000e+02 9.8589e+01
2.0000e+01 1.3000e+02 9.9157e+01
2.0000e+01 1.4000e+02 9.9682e+01
2.0000e+01 1.5000e+02 9.9830e+01
2.0000e+01 1.6000e+02 1.0020e+02
2.0000e+01 1.7000e+02 1.0027e+02
2.0000e+01 1.8000e+02 1.0019e+02
2.0000e+01 1.9000e+02 1.0024e+02
2.0000e+01 2.0000e+02 1.0030e+02
3.0000e+01 -2.0000e+02 1.0043e+02
3.0000e+01 -1.9000e+02 1.0041e+02
3.0000e+01 -1.8000e+02 1.0010e+02
3.0000e+01 -1.7000e+02 1.0030e+02
3.0000e+01 -1.6000e+02 1.0026e+02
3.0000e+01 -1.5000e+02 1.0002e+02
3.0000e+01 -1.4000e+02 9.9700e+01
3.0000e+01 -1.3000e+02 9.9360e+01
3.0000e+01 -1.2000e+02 9.8706e+01
3.0000e+01 -1.1000e+02 9.8139e+01
3.0000e+01 -1.0000e+02 9.7427e+01
3.0000e+01 -9.0000e+01 9.6531e+01
3.0000e+01 -8.0000e+01 9.5534e+01
3.0000e+01 -7.0000e+01 9.4076e+01
3.0000e+01 -6.0000e+01 9.2918e+01
3.0000e+01 -5.0000e+01 9.1479e+01
3.0000e+01 -4.0000e+01 9.0089e+01
3.0000e+01 -3.0000e+01 8.8715e+01
3.0000e+01 -2.0000e+01 8.8082e+01
3.0000e+01 -1.0000e+01 8.7188e+01
3.0000e+01 0.0000e+00 8.6996e+01
3.0000e+01 1.0000e+01 8.7608e+01
3.0000e+01 2.0000e+01 8.7869e+01
3.0000e+01 3.0000e+01 8.9074e+01
3.0000e+01 4.0000e+01 9.0148e+01
3.0000e+01 5.0000e+01 9.1353e+01
3.0000e+01 6.0000e+01 9.2767e+01
3.0000e+01 7.0000e+01 9.4156e+01
3.0000e+01 8.0000e+01 9.5540e+01
3.0000e+01 9.0000e+01 9.6763e+01
3.0000e+01 1.0000e+02 9.7613e+01
3.0000e+01 1.1000e+02 9.8364e+01
3.0000e+01 1.2000e+02 9.8630e+01
3.0000e+01 1.3000e+02 9.9350e+01
3.0000e+01 1.4000e+02 9.9542e+01
3.0000e+01 1.5000e+02 9.9878e+01
3.0000e+01 1.6000e+02 9.9800e+01
3.0000e+01 1.7000e+02 1.0002e+02
3.0000e+01 1.8000e+02 1.0013e+02
3.0000e+01 1.9000e+02 1.0020e+02
3.0000e+01 2.0000e+02 1.0015e+02
4.0000e+01 -2.0000e+02 1.0004e+02
4.0000e+01 -1.9000e+02 1.0018e+02
4.0000e+01 -1.8000e+02 1.0008e+02
4.0000e+01 -1.7000e+02 9.9872e+01
4.0000e+01 -1.6000e+02 1.0003e+02
4.0000e+01 -1.5000e+02 9.9998e+01
4.0000e+01 -1.4000e+02 9.9663e+01
4.0000e+01 -1.3000e+02 9.9382e+01
4.0000e+01 -1.2000e+02 9.9074e+01
4.0000e+01 -1.1000e+02 9.8362e+01
4.0000e+01 -1.0000e+02 9.7960e+01
4.0000e+01 -9.0000e+01 9.6961e+01
4.0000e+01 -8.0000e+01 9.5990e+01
4.0000e+01 -7.0000e+01 9.4721e+01
4.0000e+01 -6.0000e+01 9.3558e+01
4.0000e+01 -5.0000e+01 9.2418e+01
4.0000e+01 -4.0000e+01 9.0975e+01
4.0000e+01 -3.0000e+01 9.0237e+01
4.0000e+01 -2.0000e+01 8.9068e+01
4.0000e+01 -1.0000e+01 8.8946e+01
4.0000e+01 0.0000e+00 8.8515e+01
4.0000e+01 1.0000e+01 8.8827e+01
4.0000e+01 2.0000e+01 8.9045e+01
4.0000e+01 3.0000e+01 9.0081e+01
4.0000e+01 4.0000e+01 9.1393e+01
4.0000e+01 5.0000e+01 9.2575e+01
4.0000e+01 6.0000e+01 9.3632e+01
4.0000e+01 7.0000e+01 9.4612e+01
4.0000e+01 8.0000e+01 9.6129e+01
4.0000e+01 9.0000e+01 9.7027e+01
4.0000e+01 1.0000e+02 9.8015e+01
4.0000e+01 1.1000e+02 9.8482e+01
4.0000e+01 1.2000e+02 9.8933e+01
4.0000e+01 1.3000e+02 9.9533e+01
4.0000e+01 1.4000e+02 9.9518e+01
4.0000e+01 1.5000e+02 9.9729e+01
4.0000e+01 1.6000e+02 1.0026e+02
4.0000e+01 1.7000e+02 9.9933e+01
4.0000e+01 1.8000e+02 1.0004e+02
4.0000e+01 1.9000e+02 1.0044e+02
4.0000e+01 2.0000e+02 1.0029e+02
5.0000e+01 -2.0000e+02 1.0036e+02
5.0000e+01 -1.9000e+02 1.0037e+02
5.0000e+01 -1.8000e+02 1.0038e+02
5.0000e+01 -1.7000e+02 9.9929e+01
5.0000e+01 -1.6000e+02 1.0002e+02
5.0000e+01 -1.5000e+02 9.9772e+01
5.0000e+01 -1.4000e+02 9.9827e+01
5.0000e+01 -1.3000e+02 9.9387e+01
5.0000e+01 -1.2000e+02 9.9232e+01
5.0000e+01 -1.1000e+02 9.8636e+01
5.0000e+01 -1.0000e+02 9.7946e+01
5.0000e+01 -9.0000e+01 9.7602e+01
5.0000e+01 -8.0000e+01 9.6571e+01
5.0000e+01 -7.0000e+01 9.5384e+01
5.0000e+01 -6.0000e+01 9.4243e+01
5.0000e+01 -5.0000e+01 9.3380e+01
5.0000e+01 -4.0000e+01 9.2521e+01
5.0000e+01 -3.0000e+01 9.1245e+01
5.0000e+01 -2.0000e+01 9.0820e+01
5.0000e+01 -1.0000e+01 9.0271e+01
5.0000e+01 0.0000e+00 9.0215e+01
5.0000e+01 1.0000e+01 9.0464e+01
5.0000e+01 2.0000e+01 9.0682e+01
5.0000e+01 3.0000e+01 9.1502e+01
5.0000e+01 4.0000e+01 9.2267e+01
5.0000e+01 5.0000e+01 9.3522e+01
5.0000e+01 6.0000e+01 9.4525e+01
5.0000e+01 7.0000e+01 9.5294e+01
5.0000e+01 8.0000e+01 9.6290e+01
5.0000e+01 9.0000e+01 9.7201e+01
5.0000e+01 1.0000e+02 9.8309e+01
5.0000e+01 1.1000e+02 9.8842e+01
5.0000e+01 1.2000e+02 9.9349e+01
5.0000e+01 1.3000e+02 9.9684e+01
5.0000e+01 1.4000e+02 9.9646e+01
5.0000e+01 1.5000e+02 1.0010e+02
5.0000e+01 1.6000e+02 9.9899e+01
5.0000e+01 1.7000e+02 9.9921e+01
5.0000e+01 1.8000e+02 1.0013e+02
5.0000e+01 1.9000e+02 1.0022e+02
5.0000e+01 2.0000e+02 9.9984e+01
6.0000e+01 -2.0000e+02 1.0010e+02
6.0000e+01 -1.9000e+02 1.0013e+02
6.0000e+01 -1.8000e+02 1.0034e+02
6.0000e+01 -1.7000e+02 1.0021e+02
6.0000e+01 -1.6000e+02 1.0014e+02
6.0000e+01 -1.5000e+02 9.9811e+01
6.0000e+01 -1.4000e+02 9.9986e+01
6.0000e+01 -1.3000e+02 9.9684e+01
6.0000e+01 -1.2000e+02 9.9556e+01
6.0000e+01 -1.1000e+02 9.8901e+01
6.0000e+01 -1.0000e+02 9.8697e+01
6.0000e+01 -9.0000e+01 9.7945e+01
6.0000e+01 -8.0000e+01 9.7347e+01
6.0000e+01 -7.0000e+01 9.6337e+01
6.0000e+01 -6.0000e+01 9.5424e+01
6.0000e+01 -5.0000e+01 9.4435e+01
6.0000e+01 -4.0000e+01 9.3801e+01
6.0000e+01 -3.0000e+01 9.3072e+01
6.0000e+01 -2.0000e+01 9.1994e+01
6.0000e+01 -1.0000e+01 9.1636e+01
6.0000e+01 0.0000e+00 9.1489e+01
6.0000e+01 1.0000e+01 9.1586e+01
6.0000e+01 2.0000e+01 9.2039e+01
6.0000e+01 3.0000e+01 9.2640e+01
6.0000e+01 4.0000e+01 9.3440e+01
6.0000e+01 5.0000e+01 9.4391e+01
6.0000e+01 6.0000e+01 9.5131e+01
6.0000e+01 7.0000e+01 9.6457e+01
6.0000e+01 8.0000e+01 9.7278e+01
6.0000e+01 9.0000e+01 9.7968e+01
6.0000e+01 1.0000e+02 9.8524e+01
6.0000e+01 1.1000e+02 9.8796e+01
6.0000e+01 1.2000e+02 9.9589e+01
6.0000e+01 1.3000e+02 9.9483e+01
6.0000e+01 1.4000e+02 9.9768e+01
6.0000e+01 1.5000e+02 1.0014e+02
6.0000e+01 1.6000e+02 1.0027e+02
6.0000e+01 1.7000e+02 9.9975e+01
6.0000e+01 1.8000e+02 1.0040e+02
6.0000e+01 1.9000e+02 1.0006e+02
6.0000e+01 2.0000e+02 1.0044e+02
7.0000e+01 -2.0000e+02 1.0003e+02
7.0000e+01 -1.9000e+02 1.0032e+02
7.0000e+01 -1.8000e+02 1.0025e+02
7.0000e+01 -1.7000e+02 1.0020e+02
7.0000e+01 -1.6000e+02 9.9975e+01
7.0000e+01 -1.5000e+02 9.9953e+01
7.0000e+01 -1.4000e+02 9.9795e+01
7.0000e+01 -1.3000e+02 9.9850e+01
7.0000e+01 -1.2000e+02 9.9551e+01
7.0000e+01 -1.1000e+02 9.9417e+01
7.0000e+01 -1.0000e+02 9.8633e+01
7.0000e+01 -9.0000e+01 9.8125e+01
7.0000e+01 -8.0000e+01 9.7488e+01
7.0000e+01 -7.0000e+01 9.6943e+01
7.0000e+01 -6.0000e+01 9.6427e+01
7.0000e+01 -5.0000e+01 9.5291e+01
7.0000e+01 -4.0000e+01 9.4637e+01
7.0000e+01 -3.0000e+01 9.4088e+01
7.0000e+01 -2.0000e+01 9.3553e+01
7.0000e+01 -1.0000e+01 9.3508e+01
7.0000e+01 0.0000e+00 9.3165e+01
7.0000e+01 1.0000e+01 9.3208e+01
7.0000e+01 2.0000e+01 9.3572e+01
7.0000e+01 3.0000e+01 9.4055e+01
7.0000e+01 4.0000e+01 9.4699e+01
7.0000e+01 5.0000e+01 9.5513e+01
7.0000e+01 6.0000e+01 9.6517e+01
7.0000e+01 7.0000e+01 9.7149e+01
7.0000e+01 8.0000e+01 9.7820e+01
7.0000e+01 9.0000e+01 9.8139e+01
7.0000e+01 1.0000e+02 9.8933e+01
7.0000e+01 1.1000e+02 9.9191e+01
7.0000e+01 1.2000e+02 9.9631e+01
7.0000e+01 1.3000e+02 9.9661e+01
7.0000e+01 1.4000e+02 9.9679e+01
7.0000e+01 1.5000e+02 1.0012e+02
7.0000e+01 1.6000e+02 9.9912e+01
7.0000e+01 1.7000e+02 1.0002e+02
7.0000e+01 1.8000e+02 1.0027e+02
7.0000e+01 1.9000e+02 1.0047e+02
7.0000e+01 2.0000e+02 1.0043e+02
8.0000e+01 -2.0000e+02 1.0000e+02
8.0000e+01 -1.9000e+02 1.0016e+02
8.0000e+01 -1.8000e+02 1.0018e+02
8.0000e+01 -1.7000e+02 1.0007e+02
8.0000e+01 -1.6000e+02 1.0033e+02
8.0000e+01 -1.5000e+02 1.0013e+02
8.0000e+01 -1.4000e+02 9.9986e+01
8.0000e+01 -1.3000e+02 9.9938e+01
8.0000e+01 -1.2000e+02 9.9491e+01
8.0000e+01 -1.1000e+02 9.9575e+01
8.0000e+01 -1.0000e+02 9.9149e+01
8.0000e+01 -9.0000e+01 9.8578e+01
8.0000e+01 -8.0000e+01 9.7982e+01
8.0000e+01 -7.0000e+01 9.7703e+01
8.0000e+01 -6.0000e+01 9.7211e+01
8.0000e+01 -5.0000e+01 9.6497e+01
8.0000e+01 -4.0000e+01 9.5960e+01
8.0000e+01 -3.0000e+01 9.5527e+01
8.0000e+01 -2.0000e+01 9.4957e+01
8.0000e+01 -1.0000e+01 9.4698e+01
8.0000e+01 0.0000e+00 9.4517e+01
8.0000e+01 1.0000e+01 9.5035e+01
8.0000e+01 2.0000e+01 9.5168e+01
8.0000e+01 3.0000e+01 9.5307e+01
8.0000e+01 4.0000e+01 9.5978e+01
8.0000e+01 5.0000e+01 9.6658e+01
8.0000e+01 6.0000e+01 9.7183e+01
8.0000e+01 7.0000e+01 9.7805e+01
8.0000e+01 8.0000e+01 9.8391e+01
8.0000e+01 9.0000e+01 9.8663e+01
8.0000e+01 1.0000e+02 9.9256e+01
8.0000e+01 1.1000e+02 9.9378e+01
8.0000e+01 1.2000e+02 9.9493e+01
8.0000e+01 1.3000e+02 9.9769e+01
8.0000e+01 1.4000e+02 9.9779e+01
8.0000e+01 1.5000e+02 1.0005e+02
8.0000e+01 1.6000e+02 1.0031e+02
8.0000e+01 1.7000e+02 1.0024e+02
8.0000e+01 1.8000e+02 1.0001e+02
8.0000e+01 1.9000e+02 1.0002e+02
8.0000e+01 2.0000e+02 1.0019e+02
9.0000e+01 -2.0000e+02 1.0004e+02
9.0000e+01 -1.9000e+02 1.0016e+02
9.0000e+01 -1.8000e+02 1.0045e+02
9.0000e+01 -1.7000e+02 1.0012e+02
9.0000e+01 -1.6000e+02 1.0007e+02
9.0000e+01 -1.5000e+02 1.0034e+02
9.0000e+01 -1.4000e+02 1.0023e+02
9.0000e+01 -1.3000e+02 9.9929e+01
9.0000e+01 -1.2000e+02 9.9942e+01
9.0000e+01 -1.1000e+02 9.9694e+01
9.0000e+01 -1.0000e+02 9.9429e+01
9.0000e+01 -9.0000e+01 9.8919e+01
9.0000e+01 -8.0000e+01 9.8706e+01
9.0000e+01 -7.0000e+01 9.8260e+01
9.0000e+01 -6.0000e+01 9.8031e+01
9.0000e+01 -5.0000e+01 9.7423e+01
9.0000e+01 -4.0000e+01 9.7172e+01
9.0000e+01 -3.0000e+01 9.6485e+01
9.0000e+01 -2.0000e+01 9.6158e+01
9.0000e+01 -1.0000e+01 9.6058e+01
9.0000e+01 0.0000e+00 9.5894e+01
9.0000e+01 1.0000e+01 9.5982e+01
9.0000e+01 2.0000e+01 9.6037e+01
9.0000e+01 3.0000e+01 9.6610e+01
9.0000e+01 4.0000e+01 9.6934e+01
9.0000e+01 5.0000e+01 9.7586e+01
9.0000e+01 6.0000e+01 9.8019e+01
9.0000e+01 7.0000e+01 9.8238e+01
9.0000e+01 8.0000e+01 9.8575e+01
9.0000e+01 9.0000e+01 9.9126e+01
9.0000e+01 1.0000e+02 9.9218e+01
9.0000e+01 1.1000e+02 9.9495e+01
9.0000e+01 1.2000e+02 9.9663e+01
9.0000e+01 1.3000e+02 9.9910e+01
9.0000e+01 1.4000e+02 1.0003e+02
9.0000e+01 1.5000e+02 1.0021e+02
9.0000e+01 1.6000e+02 9.9948e+01
9.0000e+01 1.7000e+02 9.9987e+01
9.0000e+01 1.8000e+02 1.0047e+02
9.0000e+01 1.9000e+02 1.0006e+02
9.0000e+01 2.0000e+02 1.0031e+02
1.0000e+02 -2.0000e+02 1.0036e+02
1.0000e+02 -1.9000e+02 1.0004e+02
1.0000e+02 -1.8000e+02 1.0014e+02
1.0000e+02 -1.7000e+02 1.0010e+02
1.0000e+02 -1.6000e+02 1.0002e+02
1.0000e+02 -1.5000e+02 1.0034e+02
1.0000e+02 -1.4000e+02 1.0021e+02
1.0000e+02 -1.3000e+02 1.0027e+02
1.0000e+02 -1.2000e+02 9.9906e+01
1.0000e+02 -1.1000e+02 9.9927e+01
1.0000e+02 -1.0000e+02 9.9419e+01
1.0000e+02 -9.0000e+01 9.9542e+01
1.0000e+02 -8.0000e+01 9.9054e+01
1.0000e+02 -7.0000e+01 9.8687e+01
1.0000e+02 -6.0000e+01 9.8473e+01
1.0000e+02 -5.0000e+01 9.8278e+01
1.0000e+02 -4.0000e+01 9.7669e+01
1.0000e+02 -3.0000e+01 9.7424e+01
1.0000e+02 -2.0000e+01 9.7519e+01
1.0000e+02 -1.0000e+01 9.7185e+01
1.0000e+02 0.0000e+00 9.7188e+01
1.0000e+02 1.0000e+01 9.7306e+01
1.0000e+02 2.0000e+01 9.7247e+01
1.0000e+02 3.0000e+01 9.7474e+01
1.0000e+02 4.0000e+01 9.8011e+01
1.0000e+02 5.0000e+01 9.7985e+01
1.0000e+02 6.0000e+01 9.8249e+01
1.0000e+02 7.0000e+01 9.8795e+01
1.0000e+02 8.0000e+01 9.9085e+01
1.0000e+02 9.0000e+01 9.9612e+01
1.0000e+02 1.0000e+02 9.9513e+01
1.0000e+02 1.1000e+02 9.9707e+01
1.0000e+02 1.2000e+02 9.9969e+01
1.0000e+02 1.3000e+02 1.0020e+02
1.0000e+02 1.4000e+02 9.9931e+01
1.0000e+02 1.5000e+02 1.0016e+02
1.0000e+02 1.6000e+02 1.0008e+02
1.0000e+02 1.7000e+02 1.0034e+02
1.0000e+02 1.8000e+02 1.0022e+02
1.0000e+02 1.9000e+02 1.0002e+02
1.0000e+02 2.0000e+02 1.0029e+02
1.1000e+02 -2.0000e+02 1.0001e+02
1.1000e+02 -1.9000e+02 1.0018e+02
1.1000e+02 -1.8000e+02 1.0024e+02
1.1000e+02 -1.7000e+02 1.0037e+02
1.1000e+02 -1.6000e+02 1.0024e+02
1.1000e+02 -1.5000e+02 1.0001e+02
1.1000e+02 -1.4000e+02 1.0015e+02
1.1000e+02 -1.3000e+02 9.9852e+01
1.1000e+02 -1.2000e+02 9.9821e+01
1.1000e+02 -1.1000e+02 9.9673e+01
1.1000e+02 -1.0000e+02 9.9879e+01
1.1000e+02 -9.0000e+01 9.9793e+01
1.1000e+02 -8.0000e+01 9.9350e+01
1.1000e+02 -7.0000e+01 9.9269e+01
1.1000e+02 -6.0000e+01 9.8900e+01
1.1000e+02 -5.0000e+01 9.8723e+01
1.1000e+02 -4.0000e+01 9.8343e+01
1.1000e+02 -3.0000e+01 9.8344e+01
1.1000e+02 -2.0000e+01 9.8087e+01
1.1000e+02 -1.0000e+01 9.7904e+01
1.1000e+02 0.0000e+00 9.8139e+01
1.1000e+02 1.0000e+01 9.7922e+01
1.1000e+02 2.0000e+01 9.8335e+01
1.1000e+02 3.0000e+01 9.8247e+01
1.1000e+02 4.0000e+01 9.8502e+01
1.1000e+02 5.0000e+01 9.8565e+01
1.1000e+02 6.0000e+01 9.8792e+01
1.1000e+02 7.0000e+01 9.9056e+01
1.1000e+02 8.0000e+01 9.9310e+01
1.1000e+02 9.0000e+01 9.9816e+01
1.1000e+02 1.0000e+02 1.0002e+02
1.1000e+02 1.1000e+02 1.0014e+02
1.1000e+02 1.2000e+02 9.9860e+01
1.1000e+02 1.3000e+02 9.9892e+01
1.1000e+02 1.4000e+02 1.0035e+02
1.1000e+02 1.5000e+02 1.0031e+02
1.1000e+02 1.6000e+02 1.0015e+02
1.1000e+02 1.7000e+02 1.0026e+02
1.1000e+02 1.8000e+02 1.0047e+02
1.1000e+02 1.9000e+02 1.0022e+02
1.1000e+02 2.0000e+02 1.0004e+02
1.2000e+02 -2.0000e+02 1.0049e+02
1.2000e+02 -1.9000e+02 1.0045e+02
1.2000e+02 -1.8000e+02 1.0028e+02
1.2000e+02 -1.7000e+02 1.0009e+02
1.2000e+02 -1.6000e+02 1.0047e+02
1.2000e+02 -1.5000e+02 9.9959e+01
1.2000e+02 -1.4000e+02 1.0016e+02
1.2000e+02 -1.3000e+02 1.0023e+02
1.2000e+02 -1.2000e+02 1.0010e+02
1.2000e+02 -1.1000e+02 1.0000e+02
1.2000e+02 -1.0000e+02 9.9796e+01
1.2000e+02 -9.0000e+01 1.0001e+02
1.2000e+02 -8.0000e+01 9.9550e+01
1.2000e+02 -7.0000e+01 9.9283e+01
1.2000e+02 -6.0000e+01 9.9202e+01
1.2000e+02 -5.0000e+01 9.9215e+01
1.2000e+02 -4.0000e+01 9.8987e+01
1.2000e+02 -3.0000e+01 9.8942e+01
1.2000e+02 -2.0000e+01 9.8558e+01
1.2000e+02 -1.0000e+01 9.8817e+01
1.2000e+02 0.0000e+00 9.8513e+01
1.2000e+02 1.0000e+01 9.8616e+01
1.2000e+02 2.0000e+01 9.8586e+01
1.2000e+02 3.0000e+01 9.8672e+01
1.2000e+02 4.0000e+01 9.9112e+01
1.2000e+02 5.0000e+01 9.9210e+01
1.2000e+02 6.0000e+01 9.9379e+01
1.2000e+02 7.0000e+01 9.9736e+01
1.2000e+02 8.0000e+01 9.9905e+01
1.2000e+02 9.0000e+01 9.9589e+01
1.2000e+02 1.0000e+02 9.9747e+01
1.2000e+02 1.1000e+02 9.9978e+01
1.2000e+02 1.2000e+02 9.9900e+01
1.2000e+02 1.3000e+02 9.9962e+01
1.2000e+02 1.4000e+02 1.0037e+02
1.2000e+02 1.5000e+02 1.0039e+02
1.2000e+02 1.6000e+02 1.0012e+02
1.2000e+02 1.7000e+02 1.0012e+02
1.2000e+02 1.8000e+02 1.0035e+02
1.2000e+02 1.9000e+02 1.0049e+02
1.2000e+02 2.0000e+02 1.0019e+02
1.3000e+02 -2.0000e+02 1.0034e+02
1.3000e+02 -1.9000e+02 1.0013e+02
1.3000e+02 -1.8000e+02 1.0029e+02
1.3000e+02 -1.7000e+02 1.0013e+02
1.3000e+02 -1.6000e+02 1.0008e+02
1.3000e+02 -1.5000e+02 1.0034e+02
1.3000e+02 -1.4000e+02 1.0031e+02
1.3000e+02 -1.3000e+02 9.9981e+01
1.3000e+02 -1.2000e+02 1.0038e+02
1.3000e+02 -1.1000e+02 9.9853e+01
1.3000e+02 -1.0000e+02 9.9794e+01
1.3000e+02 -9.0000e+01 9.9744e+01
1.3000e+02 -8.0000e+01 9.9866e+01
1.3000e+02 -7.0000e+01 9.9720e+01
1.3000e+02 -6.0000e+01 9.9584e+01
1.3000e+02 -5.0000e+01 9.9630e+01
1.3000e+02 -4.0000e+01 9.9260e+01
1.3000e+02 -3.0000e+01 9.9236e+01
1.3000e+02 -2.0000e+01 9.9309e+01
1.3000e+02 -1.0000e+01 9.9269e+01
1.3000e+02 0.0000e+00 9.9161e+01
1.3000e+02 1.0000e+01 9.9219e+01
1.3000e+02 2.0000e+01 9.9373e+01
1.3000e+02 3.0000e+01 9.9366e+01
1.3000e+02 4.0000e+01 9.9232e+01
1.3000e+02 5.0000e+01 9.9697e+01
1.3000e+02 6.0000e+01 9.9853e+01
1.3000e+02 7.0000e+01 9.9611e+01
1.3000e+02 8.0000e+01 1.0007e+02
1.3000e+02 9.0000e+01 9.9903e+01
1.3000e+02 1.0000e+02 9.9799e+01
1.3000e+02 1.1000e+02 9.9840e+01
1.3000e+02 1.2000e+02 1.0017e+02
1.3000e+02 1.3000e+02 1.0017e+02
1.3000e+02 1.4000e+02 1.0031e+02
1.3000e+02 1.5000e+02 1.0046e+02
1.3000e+02 1.6000e+02 1.0002e+02
1.3000e+02 1.7000e+02 1.0012e+02
1.3000e+02 1.8000e+02 1.0048e+02
1.3000e+02 1.9000e+02 1.0004e+02
1.3000e+02 2.0000e+02 1.0036e+02
1.4000e+02 -2.0000e+02 1.0045e+02
1.4000e+02 -1.9000e+02 1.0032e+02
1.4000e+02 -1.8000e+02 1.0038e+02
1.4000e+02 -1.7000e+02 1.0028e+02
1.4000e+02 -1.6000e+02 1.0029e+02
1.4000e+02 -1.5000e+02 1.0005e+02
1.4000e+02 -1.4000e+02 1.0025e+02
1.4000e+02 -1.3000e+02 1.0043e+02
1.4000e+02 -1.2000e+02 1.0014e+02
1.4000e+02 -1.1000e+02 1.0020e+02
1.4000e+02 -1.0000e+02 1.0008e+02
1.4000e+02 -9.0000e+01 1.0004e+02
1.4000e+02 -8.0000e+01 1.0006e+02
1.4000e+02 -7.0000e+01 1.0003e+02
1.4000e+02 -6.0000e+01 9.9750e+01
1.4000e+02 -5.0000e+01 9.9611e+01
1.4000e+02 -4.0000e+01 9.9633e+01
1.4000e+02 -3.0000e+01 9.9525e+01
1.4000e+02 -2.0000e+01 9.9345e+01
1.4000e+02 -1.0000e+01 9.9777e+01
1.4000e+02 0.0000e+00 9.9596e+01
1.4000e+02 1.0000e+01 9.9802e+01
1.4000e+02 2.0000e+01 9.9449e+01
1.4000e+02 3.0000e+01 9.9407e+01
1.4000e+02 4.0000e+01 9.9697e+01
1.4000e+02 5.0000e+01 9.9889e+01
1.4000e+02 6.0000e+01 1.0004e+02
1.4000e+02 7.0000e+01 9.9748e+01
1.4000e+02 8.0000e+01 9.9961e+01
1.4000e+02 9.0000e+01 1.0001e+02
1.4000e+02 1.0000e+02 1.0007e+02
1.4000e+02 1.1000e+02 9.9915e+01
1.4000e+02 1.2000e+02 1.0003e+02
1.4000e+02 1.3000e+02 1.0021e+02
1.4000e+02 1.4000e+02 1.0012e+02
1.4000e+02 1.5000e+02 1.0020e+02
1.4000e+02 1.6000e+02 1.0014e+02
1.4000e+02 1.7000e+02 1.0032e+02
1.4000e+02 1.8000e+02 1.0012e+02
1.4000e+02 1.9000e+02 1.0050e+02
1.4000e+02 2.0000e+02 1.0029e+02
1.5000e+02 -2.0000e+02 1.0021e+02
1.5000e+02 -1.9000e+02 1.0008e+02
1.5000e+02 -1.8000e+02 1.0001e+02
1.5000e+02 -1.7000e+02 1.0001e+02
1.5000e+02 -1.6000e+02 1.0042e+02
1.5000e+02 -1.5000e+02 1.0002e+02
1.5000e+02 -1.4000e+02 1.0010e+02
1.5000e+02 -1.3000e+02 1.0044e+02
1.5000e+02 -1.2000e+02 1.0024e+02
1.5000e+02 -1.1000e+02 1.0040e+02
1.5000e+02 -1.0000e+02 1.0024e+02
1.5000e+02 -9.0000e+01 1.0017e+02
1.5000e+02 -8.0000e+01 1.0000e+02
1.5000e+02 -7.0000e+01 1.0019e+02
1.5000e+02 -6.0000e+01 1.0009e+02
1.5000e+02 -5.0000e+01 9.9739e+01
1.5000e+02 -4.0000e+01 1.0006e+02
1.5000e+02 -3.0000e+01 1.0005e+02
1.5000e+02 -2.0000e+01 9.9872e+01
1.5000e+02 -1.0000e+01 9.9625e+01
1.5000e+02 0.0000e+00 9.9904e+01
1.5000e+02 1.0000e+01 1.0001e+02
1.5000e+02 2.0000e+01 9.9940e+01
1.5000e+02 3.0000e+01 9.9990e+01
1.5000e+02 4.0000e+01 9.9721e+01
1.5000e+02 5.0000e+01 1.0004e+02
1.5000e+02 6.0000e+01 9.9749e+01
1.5000e+02 7.0000e+01 9.9838e+01
1.5000e+02 8.0000e+01 1.0024e+02
1.5000e+02 9.0000e+01 1.0011e+02
1.5000e+02 1.0000e+02 1.0000e+02
1.5000e+02 1.1000e+02 1.0019e+02
1.5000e+02 1.2000e+02 1.0037e+02
1.5000e+02 1.3000e+02 1.0031e+02
1.5000e+02 1.4000e+02 1.0045e+02
1.5000e+02 1.5000e+02 1.0010e+02
1.5000e+02 1.6000e+02 1.0023e+02
1.5000e+02 1.7000e+02 1.0009e+02
1.5000e+02 1.8000e+02 1.0047e+02
1.5000e+02 1.9000e+02 1.0024e+02
1.5000e+02 2.0000e+02 1.0036e+02
1.6000e+02 -2.0000e+02 1.0043e+02
1.6000e+02 -1.9000e+02 1.0048e+02
1.6000e+02 -1.8000e+02 1.0011e+02
1.6000e+02 -1.7000e+02 1.0046e+02
1.6000e+02 -1.6000e+02 1.0031e+02
1.6000e+02 -1.5000e+02 1.0019e+02
1.6000e+02 -1.4000e+02 1.0032e+02
1.6000e+02 -1.3000e+02 1.0005e+02
1.6000e+02 -1.2000e+02 1.0043e+02
1.6000e+02 -1.1000e+02 1.0036e+02
1.6000e+02 -1.0000e+02 9.9969e+01
1.6000e+02 -9.0000e+01 1.0003e+02
1.6000e+02 -8.0000e+01 1.0007e+02
1.6000e+02 -7.0000e+01 9.9982e+01
1.6000e+02 -6.0000e+01 1.0025e+02
1.6000e+02 -5.0000e+01 9.9970e+01
1.6000e+02 -4.0000e+01 1.0025e+02
1.6000e+02 -3.0000e+01 9.9991e+01
1.6000e+02 -2.0000e+01 1.0020e+02
1.6000e+02 -1.0000e+01 1.0000e+02
1.6000e+02 0.0000e+00 9.9991e+01
1.6000e+02 1.0000e+01 9.9796e+01
1.6000e+02 2.0000e+01 1.0024e+02
1.6000e+02 3.0000e+01 9.9915e+01
1.6000e+02 4.0000e+01 1.0022e+02
1.6000e+02 5.0000e+01 1.0005e+02
1.6000e+02 6.0000e+01 1.0012e+02
1.6000e+02 7.0000e+01 9.9978e+01
1.6000e+02 8.0000e+01 9.9910e+01
1.6000e+02 9.0000e+01 1.0039e+02
1.6000e+02 1.0000e+02 1.0011e+02
1.6000e+02 1.1000e+02 1.0030e+02
1.6000e+02 1.2000e+02 1.0011e+02
1.6000e+02 1.3000e+02 1.0043e+02
1.6000e+02 1.4000e+02 1.0040e+02
1.6000e+02 1.5000e+02 1.0047e+02
1.6000e+02 1.6000e+02 1.0015e+02
1.6000e+02 1.7000e+02 1.0004e+02
1.6000e+02 1.8000e+02 1.0015e+02
1.6000e+02 1.9000e+02 1.0050e+02
1.6000e+02 2.0000e+02 1.0009e+02
1.7000e+02 -2.0000e+02 1.0027e+02
1.7000e+02 -1.9000e+02 1.0011e+02
1.7000e+02 -1.8000e+02 1.0047e+02
1.7000e+02 -1.7000e+02 1.0027e+02
1.7000e+02 -1.6000e+02 1.0040e+02
1.7000e+02 -1.5000e+02 1.0021e+02
1.7000e+02 -1.4000e+02 1.0015e+02
1.7000e+02 -1.3000e+02 1.0028e+02
1.7000e+02 -1.2000e+02 1.0037e+02
1.7000e+02 -1.1000e+02 1.0047e+02
1.7000e+02 -1.0000e+02 1.0009e+02
1.7000e+02 -9.0000e+01 9.9954e+01
1.7000e+02 -8.0000e+01 1.0030e+02
1.7000e+02 -7.0000e+01 1.0039e+02
1.7000e+02 -6.0000e+01 1.0022e+02
1.7000e+02 -5.0000e+01 1.0005e+02
1.7000e+02 -4.0000e+01 9.9992e+01
1.7000e+02 -3.0000e+01 1.0027e+02
1.7000e+02 -2.0000e+01 9.9964e+01
1.7000e+02 -1.0000e+01 9.9946e+01
1.7000e+02 0.0000e+00 9.9850e+01
1.7000e+02 1.0000e+01 9.9965e+01
1.7000e+02 2.0000e+01 1.0025e+02
1.7000e+02 3.0000e+01 1.0012e+02
1.7000e+02 4.0000e+01 1.0028e+02
1.7000e+02 5.0000e+01 1.0012e+02
1.7000e+02 6.0000e+01 1.0003e+02
1.7000e+02 7.0000e+01 1.0025e+02
1.7000e+02 8.0000e+01 1.0028e+02
1.7000e+02 9.0000e+01 1.0023e+02
1.7000e+02 1.0000e+02 1.0043e+02
1.7000e+02 1.1000e+02 1.0021e+02
1.7000e+02 1.2000e+02 1.0016e+02
1.7000e+02 1.3000e+02 1.0031e+02
1.7000e+02 1.4000e+02 1.0006e+02
1.7000e+02 1.5000e+02 1.0048e+02
1.7000e+02 1.6000e+02 1.0025e+02
1.7000e+02 1.7000e+02 1.0003e+02
1.7000e+02 1.8000e+02 1.0025e+02
1.7000e+02 1.9000e+02 1.0019e+02
1.7000e+02 2.0000e+02 1.0006e+02
1.8000e+02 -2.0000e+02 1.0033e+02
1.8000e+02 -1.9000e+02 1.0021e+02
1.8000e+02 -1.8000e+02 1.0041e+02
1.8000e+02 -1.7000e+02 1.0020e+02
1.8000e+02 -1.6000e+02 1.0025e+02
1.8000e+02 -1.5000e+02 1.0040e+02
1.8000e+02 -1.4000e+02 1.0016e+02
1.8000e+02 -1.3000e+02 1.0007e+02
1.8000e+02 -1.2000e+02 1.0003e+02
1.8000e+02 -1.1000e+02 1.0017e+02
1.8000e+02 -1.0000e+02 1.0043e+02
1.8000e+02 -9.0000e+01 1.0030e+02
1.8000e+02 -8.0000e+01 1.0004e+02
1.8000e+02 -7.0000e+01 1.0032e+02
1.8000e+02 -6.0000e+01 1.0016e+02
1.8000e+02 -5.0000e+01 1.0004e+02
1.8000e+02 -4.0000e+01 1.0014e+02
1.8000e+02 -3.0000e+01 1.0037e+02
1.8000e+02 -2.0000e+01 1.0020e+02
1.8000e+02 -1.0000e+01 9.9925e+01
1.8000e+02 0.0000e+00 1.0028e+02
1.8000e+02 1.0000e+01 1.0036e+02
1.8000e+02 2.0000e+01 1.0030e+02
1.8000e+02 3.0000e+01 1.0009e+02
1.8000e+02 4.0000e+01 1.0030e+02
1.8000e+02 5.0000e+01 1.0012e+02
1.8000e+02 6.0000e+01 9.9998e+01
1.8000e+02 7.0000e+01 1.0033e+02
1.8000e+02 8.0000e+01 1.0032e+02
1.8000e+02 9.0000e+01 1.0013e+02
1.8000e+02 1.0000e+02 1.0011e+02
1.8000e+02 1.1000e+02 1.0034e+02
1.8000e+02 1.2000e+02 1.0007e+02
1.8000e+02 1.3000e+02 1.0021e+02
1.8000e+02 1.4000e+02 1.0002e+02
1.8000e+02 1.5000e+02 1.0013e+02
1.8000e+02 1.6000e+02 1.0041e+02
1.8000e+02 1.7000e+02 1.0024e+02
1.8000e+02 1.8000e+02 1.0017e+02
1.8000e+02 1.9000e+02 1.0029e+02
1.8000e+02 2.0000e+02 1.0022e+02
1.9000e+02 -2.0000e+02 1.0048e+02
1.9000e+02 -1.9000e+02 1.0013e+02
1.9000e+02 -1.8000e+02 1.0040e+02
1.9000e+02 -1.7000e+02 1.0033e+02
1.9000e+02 -1.6000e+02 1.0039e+02
1.9000e+02 -1.5000e+02 1.0008e+02
1.9000e+02 -1.4000e+02 1.0043e+02
1.9000e+02 -1.3000e+02 1.0026e+02
1.9000e+02 -1.2000e+02 1.0014e+02
1.9000e+02 -1.1000e+02 1.0042e+02
1.9000e+02 -1.0000e+02 1.0047e+02
1.9000e+02 -9.0000e+01 1.0048e+02
1.9000e+02 -8.0000e+01 1.0036e+02
1.9000e+02 -7.0000e+01 1.0011e+02
1.9000e+02 -6.0000e+01 1.0004e+02
1.9000e+02 -5.0000e+01 1.0001e+02
1.9000e+02 -4.0000e+01 1.0005e+02
1.9000e+02 -3.0000e+01 1.0037e+02
1.9000e+02 -2.0000e+01 1.0033e+02
1.9000e+02 -1.0000e+01 1.0032e+02
1.9000e+02 0.0000e+00 1.0010e+02
1.9000e+02 1.0000e+01 9.9983e+01
1.9000e+02 2.0000e+01 1.0012e+02
1.9000e+02 3.0000e+01 1.0016e+02
1.9000e+02 4.0000e+01 1.0036e+02
1.9000e+02 5.0000e+01 1.0024e+02
1.9000e+02 6.0000e+01 1.0025e+02
1.9000e+02 7.0000e+01 1.0005e+02
1.9000e+02 8.0000e+01 1.0041e+02
1.9000e+02 9.0000e+01 1.0046e+02
1.9000e+02 1.0000e+02 1.0028e+02
1.9000e+02 1.1000e+02 1.0021e+02
1.9000e+02 1.2000e+02 1.0002e+02
1.9000e+02 1.3000e+02 1.0031e+02
1.9000e+02 1.4000e+02 1.0019e+02
1.9000e+02 1.5000e+02 1.0032e+02
1.9000e+02 1.6000e+02 1.0009e+02
1.9000e+02 1.7000e+02 1.0044e+02
1.9000e+02 1.8000e+02 1.0002e+02
1.9000e+02 1.9000e+02 1.0025e+02
1.9000e+02 2.0000e+02 1.0024e+02
2.0000e+02 -2.0000e+02 1.0019e+02
2.0000e+02 -1.9000e+02 1.0041e+02
2.0000e+02 -1.8000e+02 1.0005e+02
2.0000e+02 -1.7000e+02 1.0043e+02
2.0000e+02 -1.6000e+02 1.0006e+02
2.0000e+02 -1.5000e+02 1.0017e+02
2.0000e+02 -1.4000e+02 1.0041e+02
2.0000e+02 -1.3000e+02 1.0018e+02
2.0000e+02 -1.2000e+02 1.0032e+02
2.0000e+02 -1.1000e+02 1.0014e+02
2.0000e+02 -1.0000e+02 1.0005e+02
2.0000e+02 -9.0000e+01 1.0000e+02
2.0000e+02 -8.0000e+01 1.0028e+02
2.0000e+02 -7.0000e+01 1.0026e+02
2.0000e+02 -6.0000e+01 1.0009e+02
2.0000e+02 -5.0000e+01 1.0005e+02
2.0000e+02 -4.0000e+01 9.9989e+01
2.0000e+02 -3.0000e+01 1.0023e+02
2.0000e+02 -2.0000e+01 1.0006e+02
2.0000e+02 -1.0000e+01 1.0033e+02
2.0000e+02 0.0000e+00 1.0020e+02
2.0000e+02 1.0000e+01 1.0040e+02
2.0000e+02 2.0000e+01 1.0042e+02
2.0000e+02 3.0000e+01 1.0002e+02
2.0000e+02 4.0000e+01 1.0021e+02
2.0000e+02 5.0000e+01 1.0041e+02
2.0000e+02 6.0000e+01 1.0034e+02
2.0000e+02 7.0000e+01 9.9995e+01
2.0000e+02 8.0000e+01 1.0001e+02
2.0000e+02 9.0000e+01 1.0005e+02
2.0000e+02 1.0000e+02 1.0042e+02
2.0000e+02 1.1000e+02 1.0046e+02
2.0000e+02 1.2000e+02 1.0046e+02
2.0000e+02 1.3000e+02 1.0005e+02
2.0000e+02 1.4000e+02 1.0031e+02
2.0000e+02 1.5000e+02 1.0019e+02
2.0000e+02 1.6000e+02 1.0020e+02
2.0000e+02 1.7000e+02 1.0019e+02
2.0000e+02 1.8000e+02 1.0035e+02
2.0000e+02 1.9000e+02 1.0045e+02
2.0000e+02 2.0000e+02 1.0032e+02
